# Created by Octave 8.3.0, Fri Dec 08 12:28:58 2023 GMT <unknown@rac21085>
# name: dataMatrix
# type: cell
# rows: 1
# columns: 6
# name: <cell-element>
# type: string
# elements: 1
# length: 3
rot



# name: <cell-element>
# type: matrix
# rows: 1
# columns: 600
 110615.14290749532 110590.41282248407 110606.91516302935 110624.92702940799 110616.1839897194 110623.14963325196 110632.06482049958 110633.96323572428 110562.58254294818 110462.28400198504 110428.24409745992 110394.40374522744 110414.81924230192 110474.81922990628 110495.80580636054 110514.87212715413 110548.44916564785 110580.76713568653 110588.59851140191 110598.48946144053 110610.19773753398 110612.28781839457 110610.29398436801 110612.47207263249 110613.65144281575 110615.01645132498 110589.64973798109 110412.72594076846 110292.18749103246 110233.18540485499 110162.0240191037 110263.10541688933 110315.93542451516 110335.8848292332 110381.58518849323 110412.084701346 110441.67575213625 110443.6584912348 110465.0364342336 110477.51724995268 110488.32313179193 110492.41743277028 110491.30996488406 110489.4258455915 110444.99544391411 110277.84966673801 110162.56602605767 110113.02950435938 110066.33677457614 110154.65365362834 110206.29455648594 110222.4821006174 110262.34439409077 110296.86371052932 110321.60232995357 110304.61354519849 110176.09357527048 110074.47535098008 110060.32629006615 110012.19953060421 110086.16611738398 110144.8939218102 110140.05353631932 110177.2732387638 110215.12491071159 110252.07499541606 110258.61750143793 110277.87642800497 110304.24504851474 110313.22319477468 110328.22633683108 110335.22783024487 110342.15243034463 110348.65104002506 110202.9925271094 110029.96314048339 109940.16957517946 109839.65420810085 109888.44831252328 109967.31716940615 109986.64016612232 110024.55855739777 110059.92142222877 110103.62281840217 110118.52326881379 110144.18536734296 110170.30342352059 110186.80891099587 110210.2215067669 110216.28228347754 110224.27229117363 110233.9092021001 110116.19279873747 109950.4212966995 109870.49541090135 109788.05830248288 109818.62342508671 109897.07975658623 109921.41127441623 109954.26904663473 109989.74408249371 110035.69587564428 110049.34486617331 110066.8501389962 110085.73049865288 110097.76977981317 110116.85920204327 110116.3739932225 109990.91220772953 109871.74283666177 109828.49096309085 109769.34172183386 109826.73328936573 109888.2289712489 109907.60803702628 109937.89900595238 109983.24799482741 110023.45789998439 110027.89950910321 110049.29523755924 110073.27897874462 110090.27827532057 110100.97967861916 110065.48411868801 109892.65468871206 109777.51555960567 109718.38599490018 109666.58668441518 109765.59756674329 109812.11630483001 109833.70707856742 109875.76280990792 109909.35605822332 109948.14597407574 109962.73373211009 109995.4202321466 110020.02075975318 110036.81076430083 110053.06674218304 110066.94121604801 110046.65415554553 109884.81127853662 109751.7748093065 109682.13982486927 109612.14652833124 109698.5292250312 109753.60444472687 109774.48689063426 109817.98850816501 109851.43092772611 109884.21547448731 109891.67344772097 109914.98571477779 109934.32135377263 109961.43631697478 109985.15960278106 110007.49613088329 109917.62439184426 109780.64051979536 109723.91443498529 109661.39485606574 109687.31975348397 109755.84627689901 109785.69566090783 109818.2972159748 109861.3508127052 109908.51710319762 109916.00866880437 109928.26828239535 109950.35336174746 109967.78233421422 109978.80634566519 109988.99892613079 109961.80762552013 109796.76566782795 109683.74150843419 109620.54273748951 109563.3060630995 109656.84338276583 109708.20394974868 109742.28799525095 109794.14463603498 109824.01876131151 109860.41067767276 109864.00582123199 109884.49318307469 109913.72599100167 109930.55865284344 109944.98403750395 109957.51294525714 109959.33428143564 109821.27277856503 109685.58288067181 109627.41751018012 109551.98721723279 109619.12634102993 109681.59252331438 109700.28657454558 109736.39779705665 109769.74824592823 109808.35949897805 109819.42425881399 109841.36480974019 109866.13587717994 109891.21128838815 109906.99153685369 109907.93848364893 109780.54848434324 109688.67175502765 109680.05665776937 109639.75438481623 109725.75344126405 109780.47503735531 109780.98726526211 109817.13065071005 109846.65517469219 109866.41179073106 109878.21567086987 109893.11188331209 109908.51102587039 109930.14248907269 109937.20204175565 109864.88308869726 109720.62419358097 109634.78282014612 109572.99832973967 109573.73504118124 109658.13221720667 109693.96475250169 109713.09501663948 109743.88987404386 109773.2140103998 109792.14052920873 109805.86338994763 109830.32372506223 109847.32111936019 109863.46496803578 109870.8570147276 109874.8568797333 109739.204259394 109594.01077365517 109536.25387620846 109460.04367385023 109529.15431748572 109603.51584051276 109630.41707971714 109673.0706352423 109714.1320280106 109756.74325666657 109767.72006737738 109798.1738551819 109815.30387976894 109839.38045489762 109866.21575615747 109834.29760909754 109714.41997244961 109640.04793401473 109606.33443873431 109573.36719173947 109649.33307902919 109687.96955314421 109696.22621353985 109732.49421204985 109764.20991087108 109781.38404176378 109792.41481639346 109820.49385551813 109836.59973790919 109855.66850358856 109866.83085534652 109767.04207345675 109636.51559103615 109563.50792851814 109487.49482860568 109522.44744251943 109589.77913037247 109624.75791112229 109665.2287759313 109699.62819229122 109745.92614711575 109764.2981277213 109787.10312786541 109817.76001445782 109842.98263419804 109868.69089706757 109896.6631076698 109914.41344431019 109842.8795771757 109712.33374793691 109626.52850726411 109568.12943815082 109579.44790525077 109649.16795138808 109687.4402843203 109713.03822862657 109745.00368808782 109783.24564507724 109798.46262724922 109812.39786009173 109837.32576931029 109855.25762021178 109872.52696146036 109882.09692661761 109786.16770611648 109662.11534646351 109614.32645535328 109560.08137042525 109593.92196315824 109669.85137293427 109703.44659183743 109731.29089407236 109773.33488150622 109806.70769699843 109803.89969262565 109820.43271074588 109839.3172189724 109849.3009810673 109863.85935279395 109858.96800308622 109723.25298805564 109616.79183779177 109565.06856237871 109502.63838166781 109580.06451884907 109632.9424426162 109656.1985728703 109689.38620660006 109717.82687342593 109750.06854959943 109756.93584059893 109781.45470277796 109799.46854670969 109809.20348150734 109821.92944859777 109823.00019112544 109744.53187750143 109602.0945844253 109515.45271191586 109459.64018388184 109470.1914394043 109552.63459717284 109592.45930492747 109620.04368250325 109661.36222353303 109704.13884495536 109722.80473505925 109739.4016887605 109761.83728593873 109768.83627416096 109788.81186424656 109788.50347881192 109654.82407225823 109568.3328594886 109545.95806101029 109490.73799726574 109574.26937803108 109625.62882323892 109628.21452757239 0 0 0 0 0 0 0 0 0 0 0 0 0 0 0 0 0 0 0 0 0 0 0 0 0 0 0 0 0 0 0 0 0 0 0 0 0 0 0 0 0 0 0 0 0 0 0 0 0 0 0 0 0 0 0 0 0 0 0 0 0 0 0 0 0 0 0 0 0 0 0 0 0 0 0 0 0 0 0 0 0 0 0 0 0 0 0 0 0 0 0 0 0 0 0 0 0 0 0 0 0 0 0 0 0 0 0 0 0 0 0 0 0 0 0 0 0 0 0 0 0 0 0 0 0 0 0 0 0 0 0 0 0 0 0 0 0 0 0 0 0 0 0 0 0 0 0 0 0 0 0 0 0 0 0 0 0 0 0 0 0 0 0 0 0 0 0 0 0 0 0 0 0 0 0 0 0 0 0 0 0 0 0 0 0 0 0 0 0 0 0 0 0 0 0 0 0 0 0 0 0 0 0 0 0 0 0 0 0 0 0 0 0 0 0 0 0 0 0 0 0 0 0 0 0 0 0 0 0 0 0 0 0 0 0 0 0 0 0 0 0 0



